CPE 101-01
LAB 9
Name: Tyler Baxter
Section: 03


Insertion Sort
Starting List: [12, -2, 34, -98, -4, 0, -23, 12, 32, 13]
1) [12, -2, 34, -98, -4, 0, -23, 12, 32, 13]
2) [-2, 12, 34, -98, -4, 0, -23, 12, 32, 13]
3) [-2, 12, 34, -98, -4, 0, -23, 12, 32, 13]
5) [-98, -2, 12, 34, -4, 0, -23, 12, 32, 13]
6) [-98, -4, -2, 12, 34, 0, -23, 12, 32, 13]
7) [-98, -4, -2, 0, 12, 34, -23, 12, 32, 13]
8) [-98, -23, -4, -2, 0, 12, 34, 12, 32, 13]
9) [-98, -23, -4, -2, 0, 12, 12, 34, 32, 13]
10) [-98, -23, -4, -2, 0, 12, 12, 32, 34, 13]
11) [-98, -23, -4, -2, 0, 12, 12, 13, 32, 34]
There are 11 steps


Selection Sort
Starting list: [12, -2, 34, -98, -4, 0, -23, 12, 32, 13]
1) [-98, -2, 34, 12, -4, 0, -23, 12, 32, 13]
2) [-98, -23, 34, 12, -4, 0, -2, 12, 32, 13]
3) [-98, -23, -4, 12, 34, 0, -2, 12, 32, 13]
4) [-98, -23, -4, -2, 34, 0, 12, 12, 32, 13]
5) [-98, -23, -4, -2, 0, 34, 12, 12, 32, 13]
6) [-98, -23, -4, -2, 0, 12, 34, 12, 32, 13]
7) [-98, -23, -4, -2, 0, 12, 12, 34, 32, 13]
8) [-98, -23, -4, -2, 0, 12, 12, 13, 32, 34]
9) [-98, -23, -4, -2, 0, 12, 12, 13, 32, 34]
There are 9 steps


